10256
15362
19990
27843
37120
44721
53706
58659
62604
66361
68964
70905
73285
75044
76797
78255
79452
80407
81023
81523
81950
82341
82672
83023
83394
83714
84045
84347
84675
85023
85301
85595
85899
86173
86453
86714
86994
87263
87599
87860
88150
88383
88630
88837
89098
89317
89536
89791
90018
90206
90383
90563
90724
90878
91054
91247
91432
91608
91802
91993
92167
92369
92574
92788
92996
93220
93381
93561
93822
94040
94244
94442
94648
94829
95010
95216
95395
95593
95772
95941
96110
96287
96479
96688
96872
97057
97224
97382
97597
97798
97983
98145
98331
98507
98667
98852
99017
99189
99347
99531
99704
99890
100061
100206
100367
100502
100690
100839
100996
101156
101304
101455
101617
101782
101955
102125
102275
102485
102636
102797
102964
103100
103258
103412
103562
103710
103855
103995
104138
104278
104404
104548
104681
104825
104969
105118
105244
105363
105503
105648
105772
105892
106006
106129
106248
106355
106493
106612
106745
106861
107005
107100
107208
107306
107386
107485
107577
107664
107739
107830
107918
108012
108096
108183
108262
108341
108427
108508
108584
108667
108740
108835
108915
108974
109060
109159
109247
109341
109421
109526
109596
109676
109743
109838
109934
110012
110102
110196
110280
110355
110439
110533
110603
110706
110787
110856
110950
111036
111113
111190
111257
111336
111421
111524
111634
111726
111813
111915
112005
112106
112187
112272
112372
112446
112544
112643
112738
112838
112932
113020
113116
113206
113293
113373
113493
113586
113714
113831
113945
114043
114165
114267
114396
114521
114652
114847
115074
115818
120000
120000
120000
120000
120000
120000
120000
120000
120000
120000
120000
120000
120000
120000
120000
120000
120000
120000
