10256
0
0
0
0
0
0
0
0
0
0
0
0
0
0
0
5106
0
0
0
0
0
4628
0
0
0
0
7853
0
0
0
0
9277
0
0
7601
0
0
0
8985
0
0
4953
0
0
3945
0
0
3757
0
2603
0
0
1941
0
2380
0
1759
0
1753
0
1458
0
0
1197
955
0
616
0
500
0
427
0
391
0
331
351
0
371
0
320
331
0
302
328
0
348
278
0
294
304
274
0
280
261
0
280
269
336
261
0
290
233
247
207
0
261
219
219
255
227
0
188
177
180
161
154
176
193
185
176
194
191
174
202
205
214
0
432
161
306
405
351
348
342
355
307
300
346
324
322
299
283
292
488
316
322
304
300
274
560
280
270
284
256
444
257
259
233
275
447
265
229
383
267
228
243
389
227
245
411
265
230
420
247
266
382
248
378
250
210
363
67
95
96
78
90
94
84
75
84
94
70
103
81
69
94
86
77
77
67
79
85
103
110
92
87
102
90
101
81
85
100
74
98
99
95
100
94
88
96
90
87
80
120
93
128
117
114
98
122
102
129
125
131
195
227
744
4182
0
0
0
0
0
0
0
0
0
0
0
0
0
0
0
0
0
