10256
10256
10256
10256
10256
10256
10256
10256
10256
10256
10256
10256
10256
10256
10256
10256
15362
15362
15362
15362
15362
15362
19990
19990
19990
19990
19990
27843
27843
27843
27843
27843
37120
37120
37120
44721
44721
44721
44721
53706
53706
53706
58659
58659
58659
62604
62604
62604
66361
66361
68964
68964
68964
70905
70905
73285
73285
75044
75044
76797
76797
78255
78255
78255
79452
80407
80407
81023
81023
81523
81523
81950
81950
82341
82341
82672
83023
83023
83394
83394
83714
84045
84045
84347
84675
84675
85023
85301
85301
85595
85899
86173
86173
86453
86714
86714
86994
87263
87599
87860
87860
88150
88383
88630
88837
88837
89098
89317
89536
89791
90018
90018
90206
90383
90563
90724
90878
91054
91247
91432
91608
91802
91993
92167
92369
92574
92788
92788
93220
93381
93687
94092
94443
94791
95133
95488
95795
96095
96441
96765
97087
97386
97669
97961
98449
98765
99087
99391
99691
99965
100525
100805
101075
101359
101615
102059
102316
102575
102808
103083
103530
103795
104024
104407
104674
104902
105145
105534
105761
106006
106417
106682
106912
107332
107579
107845
108227
108475
108853
109103
109313
109676
109743
109838
109934
110012
110102
110196
110280
110355
110439
110533
110603
110706
110787
110856
110950
111036
111113
111190
111257
111336
111421
111524
111634
111726
111813
111915
112005
112106
112187
112272
112372
112446
112544
112643
112738
112838
112932
113020
113116
113206
113293
113373
113493
113586
113714
113831
113945
114043
114165
114267
114396
114521
114652
114847
115074
115818
120000
120000
120000
120000
120000
120000
120000
120000
120000
120000
120000
120000
120000
120000
120000
120000
120000
120000
