0
0
0
0
0
0
0
0
0
0
0
0
0
0
0
0
0
0
0
0
0
10256
10256
10256
10256
10256
10256
10256
10256
10256
10256
10256
15362
15362
15362
15362
15362
15362
15362
15362
15362
15362
19990
19990
19990
19990
19990
19990
19990
19990
19990
19990
19990
19990
19990
19990
19990
19990
19990
27843
27843
27843
27843
27843
27843
27843
27843
27843
27843
27843
27843
27843
27843
27843
27843
27843
27843
27843
37120
37120
37120
37120
37120
37120
37120
37120
37120
37120
37120
37120
37120
37120
37120
37120
37120
44721
44721
44721
44721
44721
44721
44721
44721
44721
44721
44721
44721
44721
44721
44721
44721
44721
44721
44721
53706
53706
53706
53706
53706
53706
53706
53706
53706
53706
58659
58659
58659
58659
58659
58659
58659
58659
58659
62604
62604
62604
62604
62604
62604
62604
62604
66361
66361
66361
66361
66361
68964
68964
68964
68964
70905
70905
70905
70905
70905
73285
73285
73285
73285
75044
75044
75044
75044
76797
76797
76797
78255
78255
79452
79452
80407
80407
81023
81523
82341
82672
83023
83714
84045
84675
85023
85595
85899
86453
86994
87263
87860
88383
88837
89317
89791
90206
90724
91247
91608
92167
92574
92996
93561
94040
94442
95010
95395
95941
96287
96872
97382
97798
98331
98667
99189
99704
100206
100690
101156
101617
101955
102485
102964
103412
103995
104404
104825
105363
105772
106248
106745
107208
107739
108183
108667
109159
109596
110102
110533
111036
111524
111915
112446
112932
113373
113831
114267
114652
115074
115074
115818
115818
115818
115818
115818
115818
115818
115818
115818
120000
