469
938
1407
1876
2345
2814
3283
3752
4221
4690
5159
5628
6097
6566
7035
7504
7973
8442
8911
9380
9849
10318
10787
11256
11725
12194
12663
13132
13601
14070
14539
15008
15477
15946
16415
16884
17353
17822
18291
18760
19229
19698
20167
20636
21105
21574
22043
22512
22981
23450
23919
24388
24857
25326
25795
26264
26733
27202
27671
28140
28609
29078
29547
30016
30485
30954
31423
31892
32361
32830
33299
33768
34237
34706
35175
35644
36113
36582
37051
37520
37989
38458
38927
39396
39865
40334
40803
41272
41741
42210
42679
43148
43617
44086
44555
45024
45493
45962
46431
46900
47369
47838
48307
48776
49245
49714
50183
50652
51121
51590
52059
52528
52997
53466
53935
54404
54873
55342
55811
56280
56749
57218
57687
58156
58625
59094
59563
60032
60501
60970
61439
61908
62377
62846
63315
63784
64253
64722
65191
65660
66129
66598
67067
67536
68005
68474
68943
69412
69881
70350
70819
71288
71757
72226
72695
73164
73633
74102
74571
75040
75509
75978
76447
76916
77385
77854
78323
78792
79261
79730
80199
80668
81137
81606
82075
82544
83013
83482
83951
84420
84889
85358
85827
86296
86765
87234
87703
88172
88641
89110
89579
90048
90517
90986
91455
91924
92393
92862
93331
93800
94269
94738
95207
95676
96145
96614
97083
97552
98021
98490
98959
99428
99897
100366
100835
101304
101773
102242
102711
103180
103649
104118
104587
105056
105525
105994
106463
106932
107401
107870
108339
108808
109277
109746
110215
110684
111153
111622
112091
112560
113029
113498
113967
114436
114905
115374
115843
116312
116781
117250
117719
118188
118657
119126
119595
120000
