10256
0
0
0
0
0
0
0
0
0
0
0
0
0
0
0
5106
0
0
0
0
0
4628
0
0
0
0
7853
0
0
0
0
9277
0
0
7601
0
0
0
8985
0
0
4953
0
0
3945
0
0
3757
0
2603
0
0
1941
0
2380
0
1759
0
1753
0
1458
0
0
1197
955
0
616
0
500
0
427
0
391
0
331
351
0
371
0
320
331
0
302
328
0
348
278
0
294
304
274
0
280
261
0
280
269
336
261
0
290
233
247
207
0
261
219
219
255
227
0
188
177
180
161
154
176
193
185
176
194
191
174
202
205
214
0
432
161
180
261
218
204
198
206
181
181
206
179
198
179
169
169
369
209
184
185
167
158
416
185
162
186
176
345
165
172
158
184
359
171
145
296
188
149
157
308
151
162
338
170
150
361
161
167
294
154
298
145
140
283
126
277
144
293
126
259
145
244
114
123
226
257
133
260
95
206
80
191
87
166
88
178
166
79
167
76
156
175
59
185
182
80
175
147
95
174
184
159
84
164
184
69
180
154
146
188
110
179
192
182
185
74
197
195
182
186
167
120
221
231
220
231
256
422
4926
0
0
0
0
0
0
0
0
0
