0
0
0
0
0
0
0
0
0
0
0
0
0
0
0
0
0
0
0
0
0
10256
0
0
0
0
0
0
0
0
0
0
5106
0
0
0
0
0
0
0
0
0
4628
0
0
0
0
0
0
0
0
0
0
0
0
0
0
0
0
7853
0
0
0
0
0
0
0
0
0
0
0
0
0
0
0
0
0
0
9277
0
0
0
0
0
0
0
0
0
0
0
0
0
0
0
0
7601
0
0
0
0
0
0
0
0
0
0
0
0
0
0
0
0
0
0
8985
0
0
0
0
0
0
0
0
0
4953
0
0
0
0
0
0
0
0
3945
0
0
0
0
0
0
0
3757
0
0
0
0
2603
0
0
0
1941
0
0
0
0
2380
0
0
0
1759
0
0
0
1753
0
0
1458
0
1197
0
955
0
616
500
818
331
351
691
331
630
348
572
304
554
541
269
597
523
454
480
474
415
518
523
361
559
407
422
565
479
402
568
385
546
346
585
510
416
533
336
522
515
502
484
466
461
338
530
479
448
583
409
421
538
409
476
497
463
531
444
484
492
437
506
431
503
488
391
531
486
441
458
436
385
422
0
744
0
0
0
0
0
0
0
0
4182
