1280
1280
1280
1280
1280
1280
1280
1280
1280
1280
1280
1280
1280
1280
1280
1280
1280
1280
1280
1280
1280
1280
1280
1280
1280
1280
1280
1280
1280
1280
1280
1280
1280
1280
1280
1280
1280
1280
1280
1280
1280
1281
1282
1283
1284
1284
1284
1284
1284
1284
1285
1285
1285
1285
1288
1289
1289
1291
1291
1291
1292
1295
1295
1295
1299
1301
1303
1308
1311
1313
1315
1316
1317
1320
1328
1333
1338
1346
1351
1356
1361
1368
1375
1385
1388
1399
1410
1420
1431
1451
1459
1466
1478
1489
1499
1516
1540
1551
1570
1597
1625
1649
1677
1711
1748
1793
1826
1859
1900
1955
2023
2088
2175
2254
2361
2473
2609
2760
2914
3063
3277
3480
3753
4054
4382
4778
5222
5767
6420
7193
8150
9311
10679
12340
14266
16577
19284
22543
26542
31490
36720
41456
45158
48019
50382
52398
54040
55391
56445
57338
58076
58759
59343
59854
60282
60688
61028
61331
61620
61903
62134
62380
62609
62783
62966
63138
63284
63391
63511
63625
63721
63822
63893
63948
64026
64094
64158
64216
64304
64357
64411
64469
64518
64572
64627
64678
64716
64754
64808
64843
64879
64911
64953
64997
65033
65064
65097
65117
65151
65180
65206
65233
65247
65264
65287
65310
65331
65350
65374
65386
65397
65416
65426
65426
65439
65444
65453
65456
65459
65464
65472
65475
65477
65480
65481
65485
65488
65492
65492
65495
65498
65502
65503
65504
65506
65510
65512
65514
65515
65518
65519
65523
65523
65524
65525
65525
65526
65529
65530
65530
65532
65532
65533
65534
65535
65536
