1280
0
0
0
0
0
0
0
0
0
0
0
0
0
0
0
0
0
0
0
0
0
0
0
0
0
0
0
0
0
0
0
0
0
0
0
0
0
0
0
0
1
1
1
1
0
0
0
0
0
1
0
0
0
3
1
0
2
0
0
1
3
0
0
4
2
2
5
3
2
2
1
1
3
8
5
5
8
5
5
5
7
7
10
3
11
11
10
11
20
8
7
12
11
10
17
24
11
19
27
28
24
28
34
37
45
33
33
41
55
68
65
87
79
107
112
136
151
154
149
214
203
273
301
328
396
444
545
653
773
957
1161
1368
1661
1926
2311
2707
3259
3999
4948
5230
4736
3702
2861
2363
2016
1642
1351
1054
893
738
683
584
511
428
406
340
303
289
283
231
246
229
174
183
172
146
107
120
114
96
101
71
55
78
68
64
58
88
53
54
58
49
54
55
51
38
38
54
35
36
32
42
44
36
31
33
20
34
29
26
27
14
17
23
23
21
19
24
12
11
19
10
0
13
5
9
3
3
5
8
3
2
3
1
4
3
4
0
3
3
4
1
1
2
4
2
2
1
3
1
4
0
1
1
0
1
3
1
0
2
0
1
1
1
1
