1257
1
0
0
0
0
1
0
0
0
0
0
0
0
0
0
0
0
0
0
0
0
0
0
0
0
0
2
0
0
0
0
0
0
0
0
0
0
0
0
0
0
0
0
0
0
2
1
0
0
0
0
1
0
0
0
0
0
0
0
0
0
0
0
1
0
0
0
0
0
0
0
0
1
0
0
0
0
0
0
1
0
1
0
1
0
1
0
0
1
0
5
2
2
1
5
5
1
7
8
8
6
3
4
9
5
9
8
10
9
7
15
20
46
35
38
59
64
43
59
57
42
61
67
77
47
48
73
79
86
81
85
80
105
114
127
123
124
146
159
164
160
186
209
219
260
250
265
344
422
437
559
651
739
1059
1187
1954
2283
2747
5625
4942
7073
5044
3913
3867
2056
1628
1653
1099
913
773
616
591
496
439
425
390
385
315
281
268
282
224
210
226
173
176
140
171
126
128
144
155
149
150
122
106
87
76
85
100
89
93
64
67
83
66
68
67
53
54
40
39
34
57
52
53
35
43
32
21
30
25
23
33
34
25
35
32
21
16
17
28
25
24
35
22
23
26
33
40
27
42
43
44
35
48
40
49
31
25
12
4
10
3
3
