1257
1258
1258
1258
1258
1258
1259
1259
1259
1259
1259
1259
1259
1259
1259
1259
1259
1259
1259
1259
1259
1259
1259
1259
1259
1259
1259
1261
1261
1261
1261
1261
1261
1261
1261
1261
1261
1261
1261
1261
1261
1261
1261
1261
1261
1261
1263
1264
1264
1264
1264
1264
1265
1265
1265
1265
1265
1265
1265
1265
1265
1265
1265
1265
1266
1266
1266
1266
1266
1266
1266
1266
1266
1267
1267
1267
1267
1267
1267
1267
1268
1268
1269
1269
1270
1270
1271
1271
1271
1272
1272
1277
1279
1281
1282
1287
1292
1293
1300
1308
1316
1322
1325
1329
1338
1343
1352
1360
1370
1379
1386
1401
1421
1467
1502
1540
1599
1663
1706
1765
1822
1864
1925
1992
2069
2116
2164
2237
2316
2402
2483
2568
2648
2753
2867
2994
3117
3241
3387
3546
3710
3870
4056
4265
4484
4744
4994
5259
5603
6025
6462
7021
7672
8411
9470
10657
12611
14894
17641
23266
28208
35281
40325
44238
48105
50161
51789
53442
54541
55454
56227
56843
57434
57930
58369
58794
59184
59569
59884
60165
60433
60715
60939
61149
61375
61548
61724
61864
62035
62161
62289
62433
62588
62737
62887
63009
63115
63202
63278
63363
63463
63552
63645
63709
63776
63859
63925
63993
64060
64113
64167
64207
64246
64280
64337
64389
64442
64477
64520
64552
64573
64603
64628
64651
64684
64718
64743
64778
64810
64831
64847
64864
64892
64917
64941
64976
64998
65021
65047
65080
65120
65147
65189
65232
65276
65311
65359
65399
65448
65479
65504
65516
65520
65530
65533
65536
