10256
5106
4628
7853
9277
7601
8985
4953
3945
3757
2603
1941
2380
1759
1753
1458
1197
955
616
500
427
391
331
351
371
320
331
302
328
348
278
294
304
274
280
261
280
269
336
261
290
233
247
207
261
219
219
255
227
188
177
180
161
154
176
193
185
176
194
191
174
202
205
214
208
224
161
180
261
218
204
198
206
181
181
206
179
198
179
169
169
177
192
209
184
185
167
158
215
201
185
162
186
176
160
185
165
172
158
184
173
186
171
145
161
135
188
149
157
160
148
151
162
165
173
170
150
210
151
161
167
136
158
154
150
148
145
140
143
140
126
144
133
144
144
149
126
119
140
145
124
120
114
123
119
107
138
119
133
116
144
95
108
98
80
99
92
87
75
91
88
94
84
87
79
79
86
81
76
83
73
95
80
59
86
99
88
94
80
105
70
80
67
95
96
78
90
94
84
75
84
94
70
103
81
69
94
86
77
77
67
79
85
103
110
92
87
102
90
101
81
85
100
74
98
99
95
100
94
88
96
90
87
80
120
93
128
117
114
98
122
102
129
125
131
195
227
744
4182
0
0
0
0
0
0
0
0
0
0
0
0
0
0
0
0
0
